140 129
152 153
92 192
8 69
8 141
188 153
68 21
104 165
32 129
128 129
176 153
80 165
116 33
68 93
80 117
32 21
44 165
44 192
128 192
68 129
152 141
92 81
192 57
104 141
68 45
116 129
8 165
92 165
128 105
164 189
92 177
140 189
176 192
116 192
164 21
80 189
192 153
128 153
92 45
92 192
20 129
128 165
80 141
164 45
56 69
188 129
80 141
164 93
140 93
164 189
188 9
32 45
192 21
128 9
152 57
128 177
128 93
44 117
44 153
128 189
116 33
104 69
176 117
44 117
140 177
176 189
116 177
152 189
128 153
188 165
140 177
152 93
176 189
192 21
44 165
104 117
20 105
68 21
116 177
140 21
192 177
164 69
104 93
152 153
104 105
8 165
152 165
176 69
116 81
192 105
140 192
104 81
164 105
20 177
20 117
140 189
8 21
164 93
128 192
20 189
176 81
188 189
68 129
152 192
20 93
8 141
128 33
32 81
188 9
152 33
192 93
80 33
164 33
80 141
80 141
176 165
176 21
152 9
188 81
68 165
152 141
32 177
44 105
8 57
104 105
152 189
92 57
116 93
56 9
116 192
176 153
68 21
152 177
164 165
20 57
164 153
176 105
68 57
104 189
32 165
104 93
44 153
176 129
20 117
20 129
56 81
20 93
56 45
20 141
44 69
68 189
140 69
116 81
164 141
32 189
20 45
116 153
188 189
188 21
128 129
56 129
8 189
20 189
44 192
188 105
188 45
44 117
20 81
104 105
188 165
68 129
80 189
176 69
128 129
8 69
56 93
56 129
128 81
92 9
140 9
104 165
44 141
188 129
32 105
128 81
188 57
8 45
8 129
164 57
20 93
32 45
80 69
8 192
8 33
116 189
140 93
116 21
164 21
164 153
188 57
176 45
68 93
176 153
140 153
104 93
104 105
152 153
176 117
176 9
56 177
164 141
188 177
164 153
176 117
128 192
32 189
188 81
8 33
44 81
56 21
20 105
104 45
176 105
164 21
116 9
32 93
44 21
140 177
192 129
164 69
32 177
152 189
164 21
188 93
116 165
80 153
20 81
164 153
56 189
164 9
152 21
44 177
128 57
140 165
152 81
152 165
68 81
164 21
192 33
56 153
128 153
8 117
140 69
104 153
56 129
188 117
116 57
8 117
164 45
164 69
92 21
116 153
104 177
104 33
92 21
20 81
104 9
128 129
152 177
56 105
116 141
188 141
176 57
140 57
68 165
192 69
176 33
188 129
8 189
20 192
152 129
92 129
32 177
92 81
128 189
152 21
8 129
20 177
8 129
164 192
8 117
32 21
188 93
176 69
44 189
104 9
56 57
92 153
68 93
164 129
152 189
192 117
80 117
176 45
140 117
32 141
116 117
8 9
152 189
104 81
44 117
20 57
104 45
192 69
188 81
32 33
188 45
192 129
176 81
176 192
32 93
104 45
80 57
80 141
140 93
192 57
152 192
20 81
152 93
176 93
176 9
152 177
44 93
32 165
80 192
116 21
92 177
140 141
128 21
80 33
92 21
8 117
116 9
68 33
44 69
192 129
8 153
116 45
152 45
104 21
104 45
188 117
80 117
8 153
140 153
192 81
56 105
8 9
68 192
164 165
152 189
128 57
116 93
56 33
128 129
44 117
128 165
192 153
8 33
56 57
32 105
92 165
104 81
104 57
176 153
68 153
32 192
56 192
140 9
80 33
104 177
92 117
68 21
104 165
128 129
32 141
152 192
164 69
104 45
152 21
104 57
128 21
128 105
176 21
32 21
140 192
44 69
20 57
164 141
152 129
140 105
80 153
140 33
32 141
116 69
92 105
32 33
128 9
20 165
56 117
140 117
128 165
32 189
68 81
116 129
152 69
104 45
20 93
20 33
68 105
116 177
92 192
20 69
68 81
56 153
152 165
44 69
128 21
44 192
128 189
56 33
92 177
44 129
128 129
192 57
176 189
44 45
44 81
104 117
68 45
80 165
32 141
56 69
8 45
32 192
164 141
20 57
176 45
176 93
80 57
140 81
116 57
80 117
56 165
152 192
8 129
80 81
152 129
80 57
56 177
104 81
192 69
32 117
128 117
188 21
164 45
116 57
140 165
128 189
104 93
68 9
188 69
32 177
8 21
104 192
176 93
20 105
192 153
140 93
176 9
128 57
152 177
152 153
44 33
192 93
192 177
164 93
20 189
56 33
176 69
80 141
20 81
128 117
116 129
176 9
32 165
56 141
32 177
32 9
56 57
188 189
192 177
188 57
20 69
68 93
56 192
20 45
44 105
152 33
192 117
8 57
20 153
116 9
164 141
128 105
104 105
56 117
80 69
44 69
188 69
164 141
192 177
140 141
44 165
152 141
20 117
8 165
116 57
128 153
164 33
56 57
56 153
140 21
188 189
192 117
116 165
116 192
32 165
140 81
80 45
56 105
80 153
8 9
8 141
140 93
92 117
44 45
140 45
140 105
68 45
192 189
164 105
92 177
176 192
44 141
68 165
104 153
104 105
116 189
104 9
104 93
128 153
176 21
116 153
20 57
152 93
8 57
152 189
104 9
104 9
44 9
116 153
68 177
104 81
152 117
32 57
80 177
32 177
92 81
80 129
56 81
140 105
192 93
152 141
104 93
192 45
20 93
32 81
20 129
44 9
44 57
188 33
92 9
188 117
68 57
80 117
56 192
56 105
32 45
44 153
32 45
92 93
176 189
164 189
176 9
56 177
128 57
116 69
8 117
192 129
8 105
140 105
44 105
20 69
92 165
80 45
176 33
192 33
152 105
56 45
164 57
152 117
80 189
20 129
20 69
20 9
188 69
56 129
128 33
44 57
192 81
152 192
32 129
188 57
140 21
104 33
8 192
104 45
80 81
140 57
56 105
164 129
176 117
20 69
116 21
128 165
104 57
152 105
32 45
104 57
92 153
32 117
116 141
68 129
68 141
92 45
140 129
188 93
80 57
8 9
20 105
116 105
44 117
192 21
176 57
20 153
192 21
164 9
192 69
176 45
80 141
152 177
20 105
188 153
68 57
116 81
192 177
92 33
164 117
80 33
56 129
8 45
68 45
116 9
188 93
68 57
104 129
20 33
116 57
188 192
20 141
176 189
116 192
8 21
116 21
192 165
56 129
44 33
116 165
152 165
116 141
20 21
192 165
80 45
140 177
188 141
188 69
104 177
20 69
164 141
80 33
80 21
128 81
128 33
176 33
20 45
116 177
176 57
176 189
176 192
20 69
8 192
104 129
164 141
116 69
68 153
104 33
192 93
192 45
32 177
140 189
164 192
80 192
92 21
164 153
128 129
188 57
188 153
104 21
140 189
140 117
92 192
20 129
32 105
44 129
8 192
188 33
20 189
104 189
92 129
32 141
140 105
8 69
56 57
20 192
44 9
192 81
116 129
92 177
56 153
116 105
164 177
116 45
68 117
56 45
8 69
152 69
8 33
68 33
92 117
116 69
152 105
44 153
20 165
32 45
128 69
44 192
164 21
44 45
116 117
140 105
176 153
68 189
140 192
188 69
188 129
104 33
104 33
104 69
20 93
20 21
92 69
128 117
192 105
188 57
128 189
56 177
192 9
68 21
164 177
8 141
192 69
20 69
116 141
80 21
188 192
44 69
8 81
20 117
68 57
176 141
92 165
32 45
32 57
32 129
56 189
188 21
188 192
164 69
104 177
56 81
104 192
32 21
68 105
188 141
68 57
188 165
32 9
20 33
68 189
8 165
56 153
56 93
104 165
8 33
32 21
140 141
192 177
92 81
80 33
8 189
32 69
164 141
128 165
104 153
80 105
20 153
188 192
80 45
188 117
20 165
104 153
140 93
8 69
128 81
68 57
68 69
92 177
116 129
152 93
20 69
20 81
32 153
44 93
128 9
152 21
80 81
192 153
8 165
192 129
152 33
152 192
44 21
152 81
68 81
152 189
152 93
32 45
192 165
152 141
164 165
176 129
152 93
188 141
32 165
56 153
116 192
32 33
80 21
20 117
192 165
68 192
68 141
188 93
44 153
128 165
80 93
188 129
104 189
92 192
104 81
20 177
32 45
44 153
44 141
20 33
176 129
32 57
140 9
56 192
192 141
188 81
164 189
116 153
68 177
116 93
176 81
140 189
192 81
140 69
192 153
20 141
80 165
56 93
68 129
128 105
68 33
80 192
20 33
44 21
104 93
176 177
20 57
104 81
32 177
8 33
176 192
68 153
32 105
44 165
20 192
32 45
80 33
176 177
152 33
128 81
192 177
152 105
188 57
68 117
92 177
44 45
104 69
56 93
152 117
176 153
192 45
20 165
68 9
128 81
80 129
20 189
56 9
140 69
44 192
192 69
164 153
104 57
188 69
8 153
152 165
116 129
44 81
44 192
68 69
192 57
116 9
188 93
104 177
176 9
80 192
140 93
116 105
188 21
44 9
188 189
140 177
8 129
188 69
140 189
32 189
192 129
152 129
80 33
164 9
140 129
152 192
80 21
56 45
92 21
