path from 8 to 192
8 5 12 23 192 
path from 192 to 9
192 178 169 160 157 148 150 99 102 51 54 3 9 
path from 20 to 192
20 23 192 
path from 192 to 21
192 178 169 160 162 111 114 63 66 15 21 
path from 32 to 192
32 26 79 74 127 122 175 179 192 
path from 192 to 33
192 178 174 123 126 75 78 27 33 
path from 44 to 192
44 37 28 26 79 74 127 122 175 179 192 
path from 192 to 45
192 178 173 180 186 135 138 87 90 39 45 
path from 56 to 192
56 53 60 71 192 
path from 192 to 57
192 178 169 160 157 148 150 99 102 51 57 
path from 68 to 192
68 71 192 
path from 192 to 69
192 178 169 160 162 111 114 63 69 
path from 80 to 192
80 74 127 122 175 179 192 
path from 192 to 81
192 178 174 123 126 75 81 
path from 92 to 192
92 85 76 74 127 122 175 179 192 
path from 192 to 93
192 178 173 180 186 135 138 87 93 
path from 104 to 192
104 101 108 119 192 
path from 192 to 105
192 178 169 160 157 148 150 99 105 
path from 116 to 192
116 119 192 
path from 192 to 117
192 178 169 160 162 111 117 
path from 128 to 192
128 122 175 179 192 
path from 192 to 129
192 178 174 123 129 
path from 140 to 192
140 133 124 122 175 179 192 
path from 192 to 141
192 178 173 180 186 135 141 
path from 152 to 192
152 149 156 162 111 119 192 
path from 192 to 153
192 178 169 160 157 148 153 
path from 164 to 192
164 162 111 119 192 
path from 192 to 165
192 178 169 160 165 
path from 176 to 192
176 179 192 
path from 192 to 177
192 178 177 
path from 188 to 192
188 181 172 179 192 
path from 192 to 189
192 178 173 180 189 
path from 8 to 21
8 5 12 23 192 178 169 160 162 111 114 63 66 15 21 
path from 8 to 33
8 5 12 23 192 178 174 123 126 75 78 27 33 
path from 8 to 45
8 5 12 23 192 178 173 180 186 135 138 87 90 39 45 
path from 8 to 57
8 2 55 57 
path from 8 to 69
8 5 12 23 192 178 169 160 162 111 114 63 69 
path from 8 to 81
8 5 12 23 192 178 174 123 126 75 81 
path from 8 to 93
8 5 12 23 192 178 173 180 186 135 138 87 93 
path from 8 to 105
8 2 55 50 103 105 
path from 8 to 117
8 5 12 23 192 178 169 160 162 111 117 
path from 8 to 129
8 5 12 23 192 178 174 123 129 
path from 8 to 141
8 5 12 23 192 178 173 180 186 135 141 
path from 8 to 153
8 2 55 50 103 98 151 153 
path from 8 to 165
8 5 12 23 192 178 169 160 165 
path from 8 to 177
8 5 12 23 192 178 177 
path from 8 to 189
8 5 12 23 192 178 173 180 189 
path from 20 to 9
20 23 192 178 169 160 157 148 150 99 102 51 54 3 9 
path from 20 to 33
20 23 192 178 174 123 126 75 78 27 33 
path from 20 to 45
20 23 192 178 173 180 186 135 138 87 90 39 45 
path from 20 to 57
20 23 192 178 169 160 157 148 150 99 102 51 57 
path from 20 to 69
20 23 192 178 169 160 162 111 114 63 69 
path from 20 to 81
20 23 192 178 174 123 126 75 81 
path from 20 to 93
20 23 192 178 173 180 186 135 138 87 93 
path from 20 to 105
20 23 192 178 169 160 157 148 150 99 105 
path from 20 to 117
20 23 192 178 169 160 162 111 117 
path from 20 to 129
20 23 192 178 174 123 129 
path from 20 to 141
20 23 192 178 173 180 186 135 141 
path from 20 to 153
20 23 192 178 169 160 157 148 153 
path from 20 to 165
20 23 192 178 169 160 165 
path from 20 to 177
20 23 192 178 177 
path from 20 to 189
20 23 192 178 173 180 189 
path from 32 to 9
32 26 79 74 127 122 175 179 192 178 169 160 157 148 150 99 102 51 54 3 9 
path from 32 to 21
32 26 79 74 127 122 175 179 192 178 169 160 162 111 114 63 66 15 21 
path from 32 to 45
32 26 79 74 127 122 175 179 192 178 173 180 186 135 138 87 90 39 45 
path from 32 to 57
32 26 79 74 127 122 175 179 192 178 169 160 157 148 150 99 102 51 57 
path from 32 to 69
32 26 79 74 127 122 175 179 192 178 169 160 162 111 114 63 69 
path from 32 to 81
32 26 79 81 
path from 32 to 93
32 26 79 74 127 122 175 179 192 178 173 180 186 135 138 87 93 
path from 32 to 105
32 26 79 74 127 122 175 179 192 178 169 160 157 148 150 99 105 
path from 32 to 117
32 26 79 74 127 122 175 179 192 178 169 160 162 111 117 
path from 32 to 129
32 26 79 74 127 129 
path from 32 to 141
32 26 79 74 127 122 175 179 192 178 173 180 186 135 141 
path from 32 to 153
32 26 79 74 127 122 175 179 192 178 169 160 157 148 153 
path from 32 to 165
32 26 79 74 127 122 175 179 192 178 169 160 165 
path from 32 to 177
32 26 79 74 127 122 175 179 192 178 177 
path from 32 to 189
32 26 79 74 127 122 175 179 192 178 173 180 189 
path from 44 to 9
44 37 28 26 79 74 127 122 175 179 192 178 169 160 157 148 150 99 102 51 54 3 9 
path from 44 to 21
44 37 28 26 79 74 127 122 175 179 192 178 169 160 162 111 114 63 66 15 21 
path from 44 to 33
44 37 28 33 
path from 44 to 57
44 37 28 26 79 74 127 122 175 179 192 178 169 160 157 148 150 99 102 51 57 
path from 44 to 69
44 37 28 26 79 74 127 122 175 179 192 178 169 160 162 111 114 63 69 
path from 44 to 81
44 37 28 26 79 81 
path from 44 to 93
44 38 91 93 
path from 44 to 105
44 37 28 26 79 74 127 122 175 179 192 178 169 160 157 148 150 99 105 
path from 44 to 117
44 37 28 26 79 74 127 122 175 179 192 178 169 160 162 111 117 
path from 44 to 129
44 37 28 26 79 74 127 129 
path from 44 to 141
44 38 91 86 139 141 
path from 44 to 153
44 37 28 26 79 74 127 122 175 179 192 178 169 160 157 148 153 
path from 44 to 165
44 37 28 26 79 74 127 122 175 179 192 178 169 160 165 
path from 44 to 177
44 37 28 26 79 74 127 122 175 179 192 178 177 
path from 44 to 189
44 38 91 86 139 134 187 189 
path from 56 to 9
56 54 3 9 
path from 56 to 21
56 53 60 71 192 178 169 160 162 111 114 63 66 15 21 
path from 56 to 33
56 53 60 71 192 178 174 123 126 75 78 27 33 
path from 56 to 45
56 53 60 71 192 178 173 180 186 135 138 87 90 39 45 
path from 56 to 69
56 53 60 71 192 178 169 160 162 111 114 63 69 
path from 56 to 81
56 53 60 71 192 178 174 123 126 75 81 
path from 56 to 93
56 53 60 71 192 178 173 180 186 135 138 87 93 
path from 56 to 105
56 50 103 105 
path from 56 to 117
56 53 60 71 192 178 169 160 162 111 117 
path from 56 to 129
56 53 60 71 192 178 174 123 129 
path from 56 to 141
56 53 60 71 192 178 173 180 186 135 141 
path from 56 to 153
56 50 103 98 151 153 
path from 56 to 165
56 53 60 71 192 178 169 160 165 
path from 56 to 177
56 53 60 71 192 178 177 
path from 56 to 189
56 53 60 71 192 178 173 180 189 
path from 68 to 9
68 71 192 178 169 160 157 148 150 99 102 51 54 3 9 
path from 68 to 21
68 71 192 178 169 160 162 111 114 63 66 15 21 
path from 68 to 33
68 71 192 178 174 123 126 75 78 27 33 
path from 68 to 45
68 71 192 178 173 180 186 135 138 87 90 39 45 
path from 68 to 57
68 71 192 178 169 160 157 148 150 99 102 51 57 
path from 68 to 81
68 71 192 178 174 123 126 75 81 
path from 68 to 93
68 71 192 178 173 180 186 135 138 87 93 
path from 68 to 105
68 71 192 178 169 160 157 148 150 99 105 
path from 68 to 117
68 71 192 178 169 160 162 111 117 
path from 68 to 129
68 71 192 178 174 123 129 
path from 68 to 141
68 71 192 178 173 180 186 135 141 
path from 68 to 153
68 71 192 178 169 160 157 148 153 
path from 68 to 165
68 71 192 178 169 160 165 
path from 68 to 177
68 71 192 178 177 
path from 68 to 189
68 71 192 178 173 180 189 
path from 80 to 9
80 74 127 122 175 179 192 178 169 160 157 148 150 99 102 51 54 3 9 
path from 80 to 21
80 74 127 122 175 179 192 178 169 160 162 111 114 63 66 15 21 
path from 80 to 33
80 74 127 122 175 179 192 178 174 123 126 75 78 27 33 
path from 80 to 45
80 74 127 122 175 179 192 178 173 180 186 135 138 87 90 39 45 
path from 80 to 57
80 74 127 122 175 179 192 178 169 160 157 148 150 99 102 51 57 
path from 80 to 69
80 74 127 122 175 179 192 178 169 160 162 111 114 63 69 
path from 80 to 93
80 74 127 122 175 179 192 178 173 180 186 135 138 87 93 
path from 80 to 105
80 74 127 122 175 179 192 178 169 160 157 148 150 99 105 
path from 80 to 117
80 74 127 122 175 179 192 178 169 160 162 111 117 
path from 80 to 129
80 74 127 129 
path from 80 to 141
80 74 127 122 175 179 192 178 173 180 186 135 141 
path from 80 to 153
80 74 127 122 175 179 192 178 169 160 157 148 153 
path from 80 to 165
80 74 127 122 175 179 192 178 169 160 165 
path from 80 to 177
80 74 127 122 175 179 192 178 177 
path from 80 to 189
80 74 127 122 175 179 192 178 173 180 189 
path from 92 to 9
92 85 76 74 127 122 175 179 192 178 169 160 157 148 150 99 102 51 54 3 9 
path from 92 to 21
92 85 76 74 127 122 175 179 192 178 169 160 162 111 114 63 66 15 21 
path from 92 to 33
92 85 76 74 127 122 175 179 192 178 174 123 126 75 78 27 33 
path from 92 to 45
92 90 39 45 
path from 92 to 57
92 85 76 74 127 122 175 179 192 178 169 160 157 148 150 99 102 51 57 
path from 92 to 69
92 85 76 74 127 122 175 179 192 178 169 160 162 111 114 63 69 
path from 92 to 81
92 85 76 81 
path from 92 to 105
92 85 76 74 127 122 175 179 192 178 169 160 157 148 150 99 105 
path from 92 to 117
92 85 76 74 127 122 175 179 192 178 169 160 162 111 117 
path from 92 to 129
92 85 76 74 127 129 
path from 92 to 141
92 86 139 141 
path from 92 to 153
92 85 76 74 127 122 175 179 192 178 169 160 157 148 153 
path from 92 to 165
92 85 76 74 127 122 175 179 192 178 169 160 165 
path from 92 to 177
92 85 76 74 127 122 175 179 192 178 177 
path from 92 to 189
92 86 139 134 187 189 
path from 104 to 9
104 102 51 54 3 9 
path from 104 to 21
104 101 108 119 192 178 169 160 162 111 114 63 66 15 21 
path from 104 to 33
104 101 108 119 192 178 174 123 126 75 78 27 33 
path from 104 to 45
104 101 108 119 192 178 173 180 186 135 138 87 90 39 45 
path from 104 to 57
104 102 51 57 
path from 104 to 69
104 101 108 119 192 178 169 160 162 111 114 63 69 
path from 104 to 81
104 101 108 119 192 178 174 123 126 75 81 
path from 104 to 93
104 101 108 119 192 178 173 180 186 135 138 87 93 
path from 104 to 117
104 101 108 119 192 178 169 160 162 111 117 
path from 104 to 129
104 101 108 119 192 178 174 123 129 
path from 104 to 141
104 101 108 119 192 178 173 180 186 135 141 
path from 104 to 153
104 98 151 153 
path from 104 to 165
104 101 108 119 192 178 169 160 165 
path from 104 to 177
104 101 108 119 192 178 177 
path from 104 to 189
104 101 108 119 192 178 173 180 189 
path from 116 to 9
116 119 192 178 169 160 157 148 150 99 102 51 54 3 9 
path from 116 to 21
116 119 192 178 169 160 162 111 114 63 66 15 21 
path from 116 to 33
116 119 192 178 174 123 126 75 78 27 33 
path from 116 to 45
116 119 192 178 173 180 186 135 138 87 90 39 45 
path from 116 to 57
116 119 192 178 169 160 157 148 150 99 102 51 57 
path from 116 to 69
116 119 192 178 169 160 162 111 114 63 69 
path from 116 to 81
116 119 192 178 174 123 126 75 81 
path from 116 to 93
116 119 192 178 173 180 186 135 138 87 93 
path from 116 to 105
116 119 192 178 169 160 157 148 150 99 105 
path from 116 to 129
116 119 192 178 174 123 129 
path from 116 to 141
116 119 192 178 173 180 186 135 141 
path from 116 to 153
116 119 192 178 169 160 157 148 153 
path from 116 to 165
116 119 192 178 169 160 165 
path from 116 to 177
116 119 192 178 177 
path from 116 to 189
116 119 192 178 173 180 189 
path from 128 to 9
128 122 175 179 192 178 169 160 157 148 150 99 102 51 54 3 9 
path from 128 to 21
128 122 175 179 192 178 169 160 162 111 114 63 66 15 21 
path from 128 to 33
128 122 175 179 192 178 174 123 126 75 78 27 33 
path from 128 to 45
128 122 175 179 192 178 173 180 186 135 138 87 90 39 45 
path from 128 to 57
128 122 175 179 192 178 169 160 157 148 150 99 102 51 57 
path from 128 to 69
128 122 175 179 192 178 169 160 162 111 114 63 69 
path from 128 to 81
128 122 175 179 192 178 174 123 126 75 81 
path from 128 to 93
128 122 175 179 192 178 173 180 186 135 138 87 93 
path from 128 to 105
128 122 175 179 192 178 169 160 157 148 150 99 105 
path from 128 to 117
128 122 175 179 192 178 169 160 162 111 117 
path from 128 to 141
128 122 175 179 192 178 173 180 186 135 141 
path from 128 to 153
128 122 175 179 192 178 169 160 157 148 153 
path from 128 to 165
128 122 175 179 192 178 169 160 165 
path from 128 to 177
128 122 175 179 192 178 177 
path from 128 to 189
128 122 175 179 192 178 173 180 189 
path from 140 to 9
140 133 124 122 175 179 192 178 169 160 157 148 150 99 102 51 54 3 9 
path from 140 to 21
140 133 124 122 175 179 192 178 169 160 162 111 114 63 66 15 21 
path from 140 to 33
140 133 124 122 175 179 192 178 174 123 126 75 78 27 33 
path from 140 to 45
140 138 87 90 39 45 
path from 140 to 57
140 133 124 122 175 179 192 178 169 160 157 148 150 99 102 51 57 
path from 140 to 69
140 133 124 122 175 179 192 178 169 160 162 111 114 63 69 
path from 140 to 81
140 133 124 122 175 179 192 178 174 123 126 75 81 
path from 140 to 93
140 138 87 93 
path from 140 to 105
140 133 124 122 175 179 192 178 169 160 157 148 150 99 105 
path from 140 to 117
140 133 124 122 175 179 192 178 169 160 162 111 117 
path from 140 to 129
140 133 124 129 
path from 140 to 153
140 133 124 122 175 179 192 178 169 160 157 148 153 
path from 140 to 165
140 133 124 122 175 179 192 178 169 160 165 
path from 140 to 177
140 133 124 122 175 179 192 178 177 
path from 140 to 189
140 134 187 189 
path from 152 to 9
152 150 99 102 51 54 3 9 
path from 152 to 21
152 149 156 162 111 119 192 118 114 63 66 15 21 
path from 152 to 33
152 149 156 162 111 119 192 178 174 123 126 75 78 27 33 
path from 152 to 45
152 149 156 162 111 119 192 178 173 180 186 135 138 87 90 39 45 
path from 152 to 57
152 150 99 102 51 57 
path from 152 to 69
152 149 156 162 111 119 192 118 114 63 69 
path from 152 to 81
152 149 156 162 111 119 192 178 174 123 126 75 81 
path from 152 to 93
152 149 156 162 111 119 192 178 173 180 186 135 138 87 93 
path from 152 to 105
152 150 99 105 
path from 152 to 117
152 149 156 162 111 119 192 118 117 
path from 152 to 129
152 149 156 162 111 119 192 178 174 123 129 
path from 152 to 141
152 149 156 162 111 119 192 178 173 180 186 135 141 
path from 152 to 165
152 149 156 165 
path from 152 to 177
152 149 156 162 111 119 192 178 177 
path from 152 to 189
152 149 156 162 111 119 192 178 173 180 189 
path from 164 to 9
164 162 111 119 192 178 169 160 157 148 150 99 102 51 54 3 9 
path from 164 to 21
164 162 111 119 192 118 114 63 66 15 21 
path from 164 to 33
164 162 111 119 192 178 174 123 126 75 78 27 33 
path from 164 to 45
164 162 111 119 192 178 173 180 186 135 138 87 90 39 45 
path from 164 to 57
164 162 111 119 192 178 169 160 157 148 150 99 102 51 57 
path from 164 to 69
164 162 111 119 192 118 114 63 69 
path from 164 to 81
164 162 111 119 192 178 174 123 126 75 81 
path from 164 to 93
164 162 111 119 192 178 173 180 186 135 138 87 93 
path from 164 to 105
164 162 111 119 192 178 169 160 157 148 150 99 105 
path from 164 to 117
164 162 111 119 192 118 117 
path from 164 to 129
164 162 111 119 192 178 174 123 129 
path from 164 to 141
164 162 111 119 192 178 173 180 186 135 141 
path from 164 to 153
164 162 111 119 192 178 169 160 157 148 153 
path from 164 to 177
164 162 111 119 192 178 177 
path from 164 to 189
164 162 111 119 192 178 173 180 189 
path from 176 to 9
176 179 192 178 169 160 157 148 150 99 102 51 54 3 9 
path from 176 to 21
176 179 192 178 169 160 162 111 114 63 66 15 21 
path from 176 to 33
176 179 192 178 174 123 126 75 78 27 33 
path from 176 to 45
176 179 192 178 173 180 186 135 138 87 90 39 45 
path from 176 to 57
176 179 192 178 169 160 157 148 150 99 102 51 57 
path from 176 to 69
176 179 192 178 169 160 162 111 114 63 69 
path from 176 to 81
176 179 192 178 174 123 126 75 81 
path from 176 to 93
176 179 192 178 173 180 186 135 138 87 93 
path from 176 to 105
176 179 192 178 169 160 157 148 150 99 105 
path from 176 to 117
176 179 192 178 169 160 162 111 117 
path from 176 to 129
176 179 192 178 174 123 129 
path from 176 to 141
176 179 192 178 173 180 186 135 141 
path from 176 to 153
176 179 192 178 169 160 157 148 153 
path from 176 to 165
176 179 192 178 169 160 165 
path from 176 to 189
176 179 192 178 173 180 189 
path from 188 to 9
188 181 172 179 192 178 169 160 157 148 150 99 102 51 54 3 9 
path from 188 to 21
188 181 172 179 192 178 169 160 162 111 114 63 66 15 21 
path from 188 to 33
188 181 172 179 192 178 174 123 126 75 78 27 33 
path from 188 to 45
188 186 135 138 87 90 39 45 
path from 188 to 57
188 181 172 179 192 178 169 160 157 148 150 99 102 51 57 
path from 188 to 69
188 181 172 179 192 178 169 160 162 111 114 63 69 
path from 188 to 81
188 181 172 179 192 178 174 123 126 75 81 
path from 188 to 93
188 186 135 138 87 93 
path from 188 to 105
188 181 172 179 192 178 169 160 157 148 150 99 105 
path from 188 to 117
188 181 172 179 192 178 169 160 162 111 117 
path from 188 to 129
188 181 172 179 192 178 174 123 129 
path from 188 to 141
188 186 135 141 
path from 188 to 153
188 181 172 179 192 178 169 160 157 148 153 
path from 188 to 165
188 181 172 179 192 178 169 160 165 
path from 188 to 177
188 181 172 179 192 178 177 
