0 5 0
4 1 0
7 2 0
3 6 0
0 6 0
0 2 0
4 6 0
4 2 61.6632
8 1 0
8 5 259.432
8 6 0
8 2 60.8211
0 9 0
4 9 183.126
7 9 0
3 9 146.021
12 17 82.7474
16 13 81.6211
19 14 0
15 18 0
12 18 0
12 14 20.6211
16 18 0
16 14 38.1579
20 13 42.8421
20 17 77.8211
20 18 0
20 14 21.7263
12 21 21.9474
16 21 42.2842
19 21 0
15 21 100.832
24 29 159.242
28 25 174.442
31 26 0
27 30 0
24 30 0
24 26 38.9895
28 30 0
28 26 63.6211
32 25 179.4
32 29 81.8421
32 30 0
32 26 54.5263
24 33 118.537
28 33 16.7895
31 33 0
27 33 183.126
36 41 0
40 37 0
43 38 0
39 42 0
36 42 0
36 38 99.0737
40 42 0
40 38 0
44 37 254.853
44 41 0
44 42 0
44 38 62.5895
36 45 142.011
40 45 0
43 45 0
39 45 180.821
48 53 0
52 49 0
55 50 40.9789
51 54 62.2421
48 54 0
48 50 0
52 54 63.1368
52 50 59.8737
56 49 0
56 53 257.316
56 54 20.6421
56 50 40.2947
48 57 0
52 57 118.158
55 57 81.5053
51 57 121.789
60 65 118.084
64 61 117.526
67 62 0
63 66 20.6211
60 66 19.8105
60 62 23.6737
64 66 40.9789
64 62 39.8211
68 61 63.9368
68 65 119.947
68 66 19.4211
68 62 19.8947
60 69 21.5789
64 69 38.8842
67 69 80.5053
63 69 98.4105
72 77 160.716
76 73 175.032
79 74 79.7895
75 78 105.2
72 78 39.3474
72 74 39.9263
76 78 21.4526
76 74 40.5263
80 73 177.895
80 77 82.6316
80 78 17.1263
80 74 40.3895
72 81 77.5263
76 81 20.3053
79 81 77.3474
75 81 145.137
84 89 0
88 85 0
91 86 80.2211
87 90 100.011
84 90 60.6526
84 86 83.2842
88 90 0
88 86 0
92 85 257.316
92 89 0
92 90 20.1579
92 86 41.0105
84 93 99.4105
88 93 0
91 93 81.4421
87 93 141.547
96 101 0
100 97 0
103 98 41.0737
99 102 83.4632
96 102 0
96 98 0
100 102 59.4737
100 98 60.2316
104 97 0
104 101 251.642
104 102 41.0947
104 98 22.5579
96 105 0
100 105 120.653
103 105 100.074
99 105 104.147
108 113 117.821
112 109 118.811
115 110 0
111 114 41.1368
108 114 19.5158
108 110 19.1158
112 114 38.8105
112 110 40.5158
116 109 61.0632
116 113 125.579
116 114 19.5684
116 110 22.2105
108 117 18.0947
112 117 39.7263
115 117 83.3895
111 117 98.7158
120 125 163.063
124 121 182.874
127 122 80.8
123 126 127.916
120 126 40.2
120 122 40.3895
124 126 39.0421
124 122 20.6105
128 121 178.6
128 125 77.4316
128 126 43.1789
128 122 17
120 129 75.4947
124 129 19.2947
127 129 119.832
123 129 101.274
132 137 0
136 133 0
139 134 79.5053
135 138 121.274
132 138 79.3895
132 134 59.7474
136 138 0
136 134 0
140 133 261.821
140 137 0
140 138 40.8947
140 134 20.3789
132 141 101.358
136 141 0
139 141 125.011
135 141 104.811
144 149 0
148 145 0
151 146 0
147 150 0
144 150 0
144 146 0
148 150 125.568
148 146 0
152 145 0
152 149 263.8
152 150 62.0421
152 146 0
144 153 0
148 153 203.737
151 153 123.863
147 153 0
156 161 81.1053
160 157 83.2211
163 158 0
159 162 0
156 162 18.0526
156 158 0
160 162 40.2
160 158 0
164 157 40.8737
164 161 79.9474
164 162 19.4842
164 158 0
156 165 20.7053
160 165 38.0632
163 165 81.8421
159 165 0
168 173 242.432
172 169 180.853
175 170 0
171 174 0
168 174 105.095
168 170 0
172 174 61.5474
172 170 0
176 169 178.747
176 173 80.1789
176 174 62.5474
176 170 0
168 177 138.642
172 177 19.4211
175 177 158.8
171 177 0
180 185 0
184 181 0
187 182 0
183 186 0
180 186 164.874
180 182 0
184 186 0
184 182 0
188 181 261.821
188 185 0
188 186 61.2105
188 182 0
180 189 157.737
184 189 0
187 189 159.632
183 189 0
5 12 259.432
13 4 244.789
53 60 257.316
61 52 241.168
101 108 251.642
109 100 240.358
149 156 263.8
157 148 329.305
17 24 316.768
25 16 353.842
65 72 317.516
73 64 352.926
113 120 319.147
121 112 361.474
161 168 486.168
169 160 359.6
29 36 241.084
37 28 254.853
77 84 243.347
85 76 257.316
125 132 240.495
133 124 261.821
173 180 322.611
181 172 261.821
2 55 122.484
54 3 146.021
50 103 141.147
102 51 184.032
98 151 123.863
150 99 187.611
14 67 80.5053
66 15 100.832
62 115 83.3895
114 63 119.032
110 163 81.8421
162 111 139.853
26 79 157.137
78 27 183.126
74 127 200.632
126 75 250.337
122 175 158.8
174 123 229.189
38 91 161.663
90 39 180.821
86 139 204.516
138 87 241.558
134 187 159.632
186 135 226.084
22 13 120.326
22 17 156.2
22 18 0
22 14 0
22 21 165.211
12 23 134.116
16 23 191.779
19 23 0
15 23 0
20 23 186.137
23 192 512.032
192 22 441.737
70 61 59.7053
70 65 79.4842
70 66 0
70 62 0
70 69 76.6842
60 71 74.1684
64 71 115.716
67 71 0
63 71 0
68 71 102.968
71 192 292.853
192 70 215.874
118 109 60.4842
118 113 75.7474
118 114 0
118 110 0
118 117 79.3158
108 119 77.0947
112 119 123.611
115 119 0
111 119 0
116 119 99.0211
119 192 299.726
192 118 215.547
166 157 205.211
166 161 325.116
166 162 62.1158
166 158 0
166 165 178.442
156 167 143.937
160 167 198.116
163 167 0
159 167 0
164 167 179.316
167 192 521.368
192 166 770.884
